0	1540304978	0.0009337150004284922	0.4930242869995709	15.202633570002945	0.016185595999559155	15.712777168002503
1	1540306490	0.0006154410002636723	0.04687978999936604	1.8142464240008849	5.386437758003012	7.248179413003527
2	1540306955	0.0010533390013733879	0.1827841209997132	5.196475625001767	64.66091846100244	70.04123154600529
3	1540307842	0.0006637740007136017	0.25910418100102106	0.4385183459999098	11.151753627997095	11.85003992899874
0	1540304978	0.0009447670017834753	0.45540576799976407	14.487830858000962	9.986384007999732	24.93056540100224
1	1540306490	0.0006634769997617695	0.0495926010007679	1.6843492529987998	5.219881437002186	6.954486768001516
2	1540306955	0.0010266190001857467	0.19061320000037085	4.810238765003305	44.70612346499911	49.70800204900297
3	1540307842	0.0006304300004558172	0.2634606080027879	0.43267180700058816	20.818483924002066	21.5152467690059
4	1540308462	0.0017773600011423696	1.8984885579993716	66.89073785800065	14.189240465002513	82.98024424100367
5	1540309356	0.000985388000117382	0.5895989529999497	18.851298356999905	10.969919301001937	30.41180199900191
6	1540309814	0.0011784269991039764	1.0147005549988535	22.397248155000852	13.132550667000032	36.54567780399884
7	1540310612	0.0011171449987159576	0.22112332899996545	8.994823378001456	11.600302421000379	20.817366273000516
8	1540310983	0.0011157469998579472	0.345832586997858	12.247670913002366	11.628757847000088	24.22337709400017
9	1542732994	0.0007177579973358661	0.2901655979985662	3.0213047720026225	2.7666466800001217	6.078834807998646
10	1542733688	0.0006849710007372778	0.21662435100006405	1.8497479049983667	2.5422831180003413	4.609340344999509
11	1542733921	0.0009204609996231738	0.2500721770011296	2.423379343999841	1.3541676659988298	4.028539647999423
0	1540304978	0.0009734800005389843	0.48027231100059	14.465732016997208	7.726742746999662	22.673720554998
1	1540306490	0.0008067429989750963	0.04394142300225212	1.7542172530011158	4.023333738001384	5.822299157003727
2	1540306955	0.0009475270016991999	0.17252200999791967	4.751877938997495	52.90639975999875	57.83174723599586
3	1540307842	0.0007847979977668729	0.27414915500048664	0.5110732060020382	21.746925494000607	22.5329326530009
4	1540308462	0.001580138999997871	1.8368951689990354	64.25419789199805	18.43945267500021	84.53212587499729
5	1540309356	0.0010400960018159822	0.5690803979996417	17.696793532999436	14.538684498998919	32.80559852599981
6	1540309814	0.0012835400011681486	1.004638241000066	21.438468439002463	17.36854780000067	39.81293802000437
7	1540310612	0.001479163001931738	0.21956667799895513	9.292486111000471	15.053302218999306	24.566834171000664
8	1540310983	0.001544710001326166	0.3764055659994483	12.106985218000773	15.080643933000829	27.565579427002376
9	1542732994	0.0007124320000002626	0.31497566400139476	3.088695305999863	3.476913741000317	6.881297143001575
10	1542733688	0.0007073479973769281	0.18261743000039132	1.881486041998869	3.2116805749974446	5.276491394994082
11	1542733921	0.000588802999118343	0.23027068100054748	2.3996141130010074	1.5552368279968505	4.185710424997524
0	1540304978	0.0009123239979089703	0.46447341299790423	14.689637030001904	10.20000109800094	25.355023864998657
1	1540306490	0.0009917610004777089	0.04947489200276323	1.8269559469990782	5.313166838997859	7.190589439000178
2	1540306955	0.0008034759994188789	0.15939975899891579	4.656659465999837	48.573533217997465	53.39039591899564
3	1540307842	0.0009420300011697691	0.3324095269999816	0.4792679649981437	21.28258880100111	22.095208323000406
4	1540308462	0.00232248999964213	2.052693523997732	65.06485426099971	20.272675144999084	87.39254541999617
5	1540309356	0.0011028949993487913	0.5586514870010433	18.09065306699995	15.573545925999497	34.22395337499984
6	1540309814	0.0011087999992014375	0.9135699369981012	20.99693668299733	19.38852035400123	41.30013577399586
7	1540310612	0.001047432997438591	0.21262911500161863	8.972507345999475	16.49506915800157	25.681253052000102
8	1540310983	0.0011449080011516344	0.34355766299995594	12.071359501998813	17.629280084998754	30.045342157998675
9	1542732994	0.0006627319999097381	0.3060884510014148	3.051832483000908	3.7575811499991687	7.116164816001401
10	1542733688	0.000565808000828838	0.15818540200052666	1.896706167000957	3.561778860999766	5.617236238002079
11	1542733921	0.0007243519976327661	0.2334463000006508	2.432801349001238	1.691875163000077	4.358847163999599
0	1540304978	0.0009223239976563491	0.4678574120007397	14.77580722499988	15.663181099000212	30.90776805999849
1	1540306490	0.0006124589999672025	0.04442812799970852	1.7347124250009074	3.956607621999865	5.736360634000448
2	1540306955	0.0008838659996399656	0.15663832999780425	4.641859399001987	37.81878148600299	42.61816308100242
3	1540307842	0.0007620730029884726	0.25210084699938307	0.415156928000215	24.7703792550019	25.438399103004485
4	1540308462	0.0028853459989477415	1.8750697169998602	70.4616548060003	14.63599518999763	86.97560505899673
5	1540309356	0.0010117719975824002	0.5833507659990573	18.37022659699869	10.729174395000882	29.683763529996213
6	1540309814	0.001142828998126788	0.934023616999184	21.263962607001304	13.010907936997683	35.2100369899963
7	1540310612	0.0010717580007622018	0.23744080399774248	8.876067966000846	11.46693956099989	20.58152008899924
8	1540310983	0.0014124580011412036	0.40890607600158546	12.23599103000015	12.169794762998208	24.816104327001085
9	1542732994	0.0007006220002949703	0.2789044230012223	3.1200872609988437	2.903883233997476	6.303575539997837
10	1542733688	0.0007302289996005129	0.18170639199888683	1.882336677001149	2.526185967002675	4.590959265002311
11	1542733921	0.000809573000879027	0.24185182799919858	2.562037727999268	1.5729947670006368	4.3776938959999825
0	1540304978	0.0013890069967601448	0.5199619429986342	14.778885903997434	10.092230423997535	25.392467277990363
1	1540306490	0.0006323320012597833	0.04826319299900206	1.7292628929972125	5.352426137000293	7.1305845549977676
2	1540306955	0.0008233150001615286	0.15639471100075752	4.673820956999407	53.41214993500034	58.24318891800067
3	1540307842	0.0006027089984854683	0.266592596002738	0.41640460700000403	24.805700267999782	25.48930018000101
4	1540308462	0.0019693169997481164	1.8209184500010451	63.722444001999975	14.539191765001306	80.08452353400207
5	1540309356	0.0010947589980787598	0.5558399390029081	18.388787817002594	10.51300746200286	29.458729977006442
6	1540309814	0.00134427399825654	0.915850933000911	21.443304166001326	13.083154093001212	35.443653466001706
7	1540310612	0.0010819390008691698	0.20833322100224905	8.721123582003202	11.850127342997439	20.78066608500376
8	1540310983	0.0011548759975994471	0.34717142500085174	12.057133751000947	11.853569543000049	24.259029594999447
9	1542732994	0.000666549000015948	0.27580562200091663	3.000941595000768	2.850443057002849	6.127856823004549
10	1542733688	0.0011353990012139548	0.1969094710002537	1.9014120649990218	2.13028741800008	4.229744353000569
11	1542733921	0.0005975380008749198	0.231788624998444	2.3756527170007757	1.4601733320014318	4.0682122120015265
0	1540304978	0.000918587000342086	0.44666269600202213	14.47035451499687	7.78184735999821	22.699783157997445
1	1540306490	0.0005987459990137722	0.042628120001609204	1.7454689250007505	4.016305913999531	5.805001705000905
2	1540306955	0.0007780369996908121	0.1615823760002968	4.645457129001443	37.66247422499873	42.47029176700016
3	1540307842	0.0007242540013976395	0.3070511619989702	0.4293873349997739	14.772715308998158	15.5098780599983
4	1540308462	0.0015283080028893892	1.8311216889997013	63.229118426999776	14.416969718000473	79.47873814200284
5	1540309356	0.0010188919986831024	0.5665909460003604	18.013807270999678	10.939577236000332	29.520994344999053
6	1540309814	0.0018337639994570054	0.938330828998005	22.01499759100261	13.135452875998453	36.09061505999853
7	1540310612	0.0010867199998756405	0.21457275799912168	8.812421652997728	11.588946099000168	20.617027229996893
8	1540310983	0.0010877589993469883	0.33844714400038356	12.033380810997187	11.583371486998658	23.956287200995575
9	1542732994	0.0007588539992866572	0.27708645300299395	2.983944527000858	2.8445241580011498	6.106313992004289
10	1542733688	0.000612181996984873	0.1779845760029275	1.823277211999084	2.544537963000039	4.546411932999035
11	1542733921	0.0005586009974649642	0.24120101500011515	2.402625568000076	1.3762142489977123	4.020599432995368
0	1540304978	0.0009312980000686366	0.44603238600029727	14.596237526999175	10.152305355000863	25.195506566000404
1	1540306490	0.0010010699988924898	0.051348234999750275	1.7021247050033708	5.420347430001129	7.174821440003143
2	1540306955	0.0006649930001003668	0.16729087199928472	4.879668492998462	49.87321387799966	54.92083823599751
3	1540307842	0.0005673500018019695	0.2646991360015818	0.4170438159999321	27.283943717997317	27.966254020000633
4	1540308462	0.0015480460024264175	1.7644967070009443	65.19085916900076	20.486522300001525	87.44342622200566
5	1540309356	0.00104422200092813	0.5600137670007825	18.012654974001634	15.780705778000993	34.35441874100434
6	1540309814	0.0010886840027524158	1.0013538239982154	21.20475463799812	20.115584625000338	42.32278177099943
7	1540310612	0.0011444419978943188	0.21408285700090346	9.041655143999378	16.916836221000267	26.173718663998443
8	1540310983	0.001078848999895854	0.3430883510009153	12.87019952099945	11.55185714700201	24.76622386800227
9	1542732994	0.0007147800024540629	0.2835542019965942	3.0155215470003895	2.8639771020025364	6.163767631001974
10	1542733688	0.0006864419992780313	0.17467413999838755	1.801650207999046	2.597136689000763	4.5741474789974745
11	1542733921	0.0005883829981030431	0.24525238299975172	2.4004203120020975	1.3847324369999114	4.030993514999864
0	1540304978	0.0009488809992035385	0.47769526300180587	14.849002218998066	7.923823645000084	23.25147000799916
1	1540306490	0.0007106459997885395	0.052304107000963995	1.7018330179998884	4.2254296360006265	5.980277407001267
2	1540306955	0.0006839910020062234	0.15558178300125292	4.702157653999166	39.887106130001484	44.74552955800391
3	1540307842	0.0005761590000474826	0.3012005990021862	0.3941463239971199	26.25825124200128	26.954174324000633
4	1540308462	0.0015099929987627547	1.7705411149981956	63.99424816800092	21.685956109999097	87.45225538599698
5	1540309356	0.0011515610021888278	0.5363019530013844	17.562416056000075	14.445177206998778	32.545046777002426
6	1540309814	0.0012203680016682483	0.9427858039998682	21.84822284799884	17.628534029998264	40.42076304999864
7	1540310612	0.0010891629972320516	0.19970574000035413	8.936439887998858	6.566412634001608	15.703647424998053
8	1540310983	0.0012143819985794835	0.35587638699871604	12.129520012000285	11.727417609999975	24.214028390997555
9	1542732994	0.0009011180009110831	0.29622998899867525	3.1496314010000788	2.8148761930024193	6.261638701002084
10	1542733688	0.0009440110006835312	0.15618652899865992	1.7820150110019313	2.5885593949969916	4.527704945998266
11	1542733921	0.0006305989991233218	0.24932366299981368	2.3940649119977024	1.3077650000013818	3.9517841739980213
0	1540304978	0.0008967800022219308	0.4422076209993975	14.850452439997753	5.1626305950012465	20.45618743600062
1	1540306490	0.0013322100021468941	0.05135699300080887	1.8118477709977014	5.688804896002694	7.553341870003351
2	1540306955	0.0006775830006517936	0.15730817900112015	4.831105100001878	50.63546302600298	55.62455388800663
3	1540307842	0.0012199049997434486	0.2815997420002532	0.42438560299706296	26.818614175997936	27.525819425994996
4	1540308462	0.0015723360011179466	1.7832243190023291	67.61638382900128	20.42021859599845	89.82139908000318
5	1540309356	0.0011984339980699588	0.5534417020026012	18.58662172199911	15.619991076997394	34.761252934997174
6	1540309814	0.00114087900146842	1.0181332980027946	22.10490529999879	16.069702232001873	39.19388170900493
7	1540310612	0.0010815349996846635	0.2033885509990796	8.684646167002938	16.524474622001435	25.413590875003138
8	1540310983	0.00108894799996051	0.3355738790014584	12.498751252998773	14.148760919997585	26.984174999997776
9	1542732994	0.0008154269999067765	0.2899147060015821	3.2100730359998124	2.8720670319999044	6.372870201001206
10	1542733688	0.0006449369975598529	0.16645931899984134	1.9053207159995509	2.553223892002279	4.625648863999231
11	1542733921	0.0005471490003401414	0.2260983589985699	2.4034871849980846	1.332776442002796	3.9629091349997907
0	1540304978	0.0010066760005429387	0.46131167599742184	14.967313019998983	7.632012972997472	23.06164434499442
1	1540306490	0.0007427159980579745	0.06719035500282189	2.0328469819978636	4.195992111002852	6.296772164001595
2	1540306955	0.0008149209970724769	0.18335860699880868	4.911123177000263	42.714784845000395	47.81008154999654
3	1540307842	0.0006568940007127821	0.2670887940003013	0.4158828609979537	19.82962685900202	20.513255408000987
4	1540308462	0.0018513620016165078	2.1772208330003195	64.58843553800034	13.988030557997263	80.75553829099954
5	1540309356	0.0010920070017164107	0.5711670579985366	18.053963825997926	10.662745687001006	29.288968577999185
6	1540309814	0.0011507279996294528	0.9482098430016777	21.857632573002775	13.281508804000623	36.088501948004705
7	1540310612	0.0010731680013122968	0.22690971100018942	9.345873662998201	11.382537736000813	20.956394278000516
8	1540310983	0.001270180000574328	0.3459586520002631	12.826032943001337	11.706618593001622	24.879880368003796
9	1542732994	0.0008097339996311348	0.29608057500081486	3.3355679770029383	2.830590301000484	6.463048587003868
10	1542733688	0.0008798819981166162	0.16149963200223283	1.8394148619991029	2.5454622549987107	4.547256630998163
11	1542733921	0.0006586349991266616	0.22930088000066462	2.4423900799993135	1.4154678039994906	4.087817398998595
