0	1540304978	0.0009431719990971033	0.46263274800003273	14.603592177998507	8.016307426998537	23.083475524996174
1	1540306490	0.0007813269985490479	0.04708617199867149	1.7420734480001556	2.297186045001581	4.087126991998957
2	1540306955	0.0008481689983454999	0.16805151500011561	4.842989806998958	55.82518881999931	60.83707831099673
3	1540307842	0.0005890440006623976	0.25777854199986905	0.42437275600241264	12.227209138000035	12.909949480002979
4	1540308462	0.0016961720029939897	1.9139162249994115	63.61711210499925	11.254295101000025	76.78701960300168
5	1540309356	0.0010238340000796597	0.558275452000089	20.091117480998946	4.2921203399964725	24.942537106995587
6	1540309814	0.0012301539973123	0.997696640999493	21.973422842002037	2.0700725100032287	25.04242214700207
7	1540310612	0.0036319229984655976	0.2721573970011377	9.396286512001097	4.944187042001431	14.616262874002132
8	1540310983	0.001704406000499148	0.3393381639980362	12.375750019000407	2.0662606869991578	14.7830532759981
9	1542732994	0.0008211319982365239	0.292544537998765	3.0817959899977723	1.4579394169995794	4.833101076994353
10	1542733688	0.0008239620001404546	0.1660070049983915	2.003584902999137	1.501327014000708	3.671742883998377
11	1542733921	0.0009279459991375916	0.26537875000212807	2.4057497849971696	0.2651492639997741	2.9372057449982094
0	1540304978	0.0032098359988594893	0.4684031689976109	15.244793539997772	9.870501213001262	25.586907757995505
1	1540306490	0.0006478400027845055	0.04445304299952113	1.7181512879978982	3.033284883000306	4.79653705400051
2	1540306955	0.0007307509986276273	0.18089221499758423	4.683610347998183	47.726232114000595	52.59146542799499
3	1540307842	0.0005293759968481027	0.2563701749968459	0.4211141670020879	13.012795499998902	13.690809217994683
4	1540308462	0.002227424000011524	1.8409632369985047	63.819522653000604	23.06935421000162	88.73206752400074
5	1540309356	0.001308961000177078	0.5674007259985956	17.921082091001153	5.347490336000192	23.837282114000118
6	1540309814	0.001254515998880379	0.9483210189973761	21.560036128998036	1.9906429999973625	24.500254663991655
7	1540310612	0.0010851909974007867	0.22818014199947356	8.913461822001409	3.8184412789996713	12.961168433997955
8	1540310983	0.0011603099992498755	0.3428031170005852	12.013687517999642	1.996810448999895	14.354461393999372
9	1542732994	0.0007581610007036943	0.2804341330011084	3.027053555000748	1.4926571479991253	4.800902997001685
10	1542733688	0.000683699003275251	0.18525250400125515	1.8504556469997624	1.529422961997625	3.5658148120019177
11	1542733921	0.0006641969994234387	0.24534127899823943	2.4268323959986446	0.27753158300038194	2.9503694549966895
0	1540304978	0.0010080379979626741	0.4596751530007168	14.643826349998562	7.74019915199824	22.844708692995482
1	1540306490	0.0005791859985038172	0.053541309000138426	1.7104103260026022	2.290810282000166	4.05534110300141
2	1540306955	0.0008981339997262694	0.17126148199895397	4.806778395999572	36.24051991500164	41.219457926999894
3	1540307842	0.000675244999001734	0.2575146910021431	0.42074345299988636	18.127988659998664	18.806922048999695
4	1540308462	0.0018875009991461411	1.8268350259968429	63.489963916003035	15.62729003399727	80.9459764769963
5	1540309356	0.000974102000327548	0.531482483002037	17.986047192000115	6.374769793001178	24.893273570003657
6	1540309814	0.0011763250004150905	0.9408979500003625	21.237866649000352	3.20144406899999	25.38138499300112
7	1540310612	0.001234575996932108	0.22111602099903394	9.067643233000126	5.798997975001839	15.088991804997931
8	1540310983	0.0011330769993946888	0.333064998001646	12.392232736998267	3.122293313997943	15.84872412599725
9	1542732994	0.0007288320011866745	0.2767407639985322	3.025135287000012	1.912532583999564	5.215137466999295
10	1542733688	0.0010735429968917742	0.1599864460004028	1.815174018000107	2.075863854999625	4.0520978619970265
11	1542733921	0.0006943169973965269	0.2363485589994525	2.5090594069988583	0.2676431620020594	3.0137454449977668
0	1540304978	0.0012296370005060453	0.5085481709975284	15.020401560999744	10.8938519000003	26.42403126899808
1	1540306490	0.0006484169971372467	0.05003419000058784	1.8550125000001572	3.274944582997705	5.180639689995587
2	1540306955	0.00106668499938678	0.190233770001214	5.378889420997439	57.69691806800256	63.2671079440006
3	1540307842	0.0006346629998006392	0.2623770850004803	0.4221603389996744	18.24423612100145	18.929408208001405
4	1540308462	0.0015861869978834875	1.7962822659974336	63.1620665570008	15.575109235000127	80.53504424499624
5	1540309356	0.000963959999353392	0.5530416649999097	18.241175956001825	6.839701718003198	25.634883299004287
6	1540309814	0.0011645129998214543	0.9594981879999978	21.766446937999717	3.371429414000886	26.098539053000422
7	1540310612	0.0011534589975781273	0.21750288299881504	8.845421357000305	5.739726634001272	14.80380433299797
8	1540310983	0.0014166239998303354	0.35425475500233006	12.089136301998224	3.18570670400004	15.630514385000424
9	1542732994	0.0007996540007297881	0.2849687839989201	3.02433436100182	1.9241721890030021	5.234274988004472
10	1542733688	0.000653425002383301	0.15936339600011706	1.7977901459998975	2.0927323670002806	4.0505393340026785
11	1542733921	0.0007891550012573134	0.23870372099918313	2.4023028490009892	0.26708118399983505	2.9088769090012647
0	1540304978	0.000906499000848271	0.4609541909994732	15.514397658000235	11.02838478600097	27.004643134001526
1	1540306490	0.000710813001205679	0.04523151000103098	1.664340915001958	3.490184322999994	5.200467561004189
2	1540306955	0.0007081339972501155	0.16150834799918812	4.659674524998991	53.430796807999286	58.252687814994715
3	1540307842	0.000601531002757838	0.26950301800025045	0.42136484699949506	18.1989670389994	18.890436435001902
4	1540308462	0.001991674998862436	1.9028193280028063	64.7001467509981	10.771910717001447	77.37686847100122
5	1540309356	0.0011100890005764086	0.5462418279967096	18.439158010998653	4.2516832319997775	23.238193159995717
6	1540309814	0.0011476840008981526	0.9525156669988064	21.335121148000326	2.029463333001331	24.31824783200136
7	1540310612	0.001041019000695087	0.21223017499869457	8.636498723000841	3.9205097679987375	12.770279684998968
8	1540310983	0.0014012409992574248	0.3344379010013654	11.889007796999067	2.004818116998649	14.229665055998339
9	1542732994	0.0008384190005017444	0.28242525400128216	2.968837397002062	1.4492283729996416	4.7013294430034875
10	1542733688	0.0006116669974289834	0.16747508499975083	1.8126079089997802	1.4841277099985746	3.4648223709955346
11	1542733921	0.0010059969972644467	0.2333039440018183	2.4117215129990655	0.258966686000349	2.904998139998497
0	1540304978	0.0009604090009815991	0.45693030199981877	14.168182885998249	7.651852745002543	22.277926342001592
1	1540306490	0.0006519460002891719	0.04446484100117232	1.7060544999985723	2.424103370998637	4.175274657998671
2	1540306955	0.0007779469997331034	0.16210077499999898	4.687474389000272	51.72488213100223	56.575235242002236
3	1540307842	0.0006503039985545911	0.27650841099966783	0.4241413050003757	7.8311162990030425	8.53241631900164
4	1540308462	0.0016389899974456057	1.8012486869993154	63.680607563001104	15.576711098001397	81.06020633799926
5	1540309356	0.0009711610000522342	0.6371927460022562	18.18775332899895	6.405169256999216	25.231086493000475
6	1540309814	0.0011268029993516393	0.9357120659988141	22.522895999998582	3.2246848050017434	26.68441967399849
7	1540310612	0.0011027419968741015	0.22154427200075588	9.14224978999846	5.824637942998379	15.189534746994468
8	1540310983	0.0013062300022284035	0.34447633899981156	12.32435104400065	3.1889644250004494	15.85909803800314
9	1542732994	0.0006949300004635006	0.28035907699813833	3.066848034999566	1.966338556001574	5.314240597999742
10	1542733688	0.000615527002082672	0.16567848599879653	1.891310577000695	2.127173496002797	4.184778086004371
11	1542733921	0.0006528949998028111	0.2765917309989163	2.480711528001848	0.5549865690009028	3.31294272300147
0	1540304978	0.0008825240001897328	0.4959294919972308	14.853705623001588	10.934647967998899	26.285165606997907
1	1540306490	0.000625217999186134	0.04033445099776145	1.6661217020009644	3.268963878002978	4.97604524900089
2	1540306955	0.0011560860002646223	0.1852800369997567	5.906911823996779	56.30207100400003	62.39541895099683
3	1540307842	0.0007030800006759819	0.2613196849997621	0.4843949620008061	13.317650105000212	14.064067832001456
4	1540308462	0.001673293998464942	1.871078544001648	69.08494448200145	10.973116051001853	81.93081237100341
5	1540309356	0.001124785001593409	0.6304546950013901	18.26205542000025	4.257690763002756	23.15132566300599
6	1540309814	0.0011567019973881543	0.9198428039999271	21.092579177002335	2.10773991500173	24.12131859800138
7	1540310612	0.0011788350020651706	0.24873190300058923	8.617345870999998	3.852461033002328	12.71971764200498
8	1540310983	0.0011543700020411052	0.3547990450024372	11.905050852998102	2.0039895289992273	14.264993797001807
9	1542732994	0.0011350300010235514	0.27837351400012267	3.005003169997508	1.5655086980004853	4.8500204119991395
10	1542733688	0.0009483610010647681	0.20301486900279997	1.8427036599969142	1.4871844720000809	3.53385136200086
11	1542733921	0.0005585950020758901	0.24244806699789478	2.5742792339988227	0.3781834709989198	3.1954693669977132
0	1540304978	0.0009438599990971852	0.53196254499926	14.309928727001534	7.85190662199966	22.69474175399955
1	1540306490	0.0006116090007708408	0.04409560899875942	1.6860455530004401	2.426554836998548	4.1573076079985185
2	1540306955	0.000689426000462845	0.16133719999925233	4.612347392998345	45.92547572100011	50.69984973999817
3	1540307842	0.000518114997248631	0.32976320599846076	0.43817849500192096	12.321038062997104	13.089497878994734
4	1540308462	0.0016520450008101761	1.7957544950004376	63.42329609999797	11.294587042000785	76.515289682
5	1540309356	0.0009708450015750714	0.5738793780001288	17.535671522000484	4.407281669999065	22.517803415001254
6	1540309814	0.0014307769997685682	0.9149414310013526	20.85834611699829	2.140501629000937	23.91521995400035
7	1540310612	0.0011977149988524616	0.21363750900127343	8.570388272000855	3.977261643001839	12.76248513900282
8	1540310983	0.0011049790009565186	0.32873354600087623	11.810964681997575	2.1256096640026954	14.266412871002103
9	1542732994	0.000803284998255549	0.29284910000205855	3.0713695189988357	1.5207368129995302	4.88575871699868
10	1542733688	0.0006918090002727695	0.16540458300005412	1.8116080079998937	1.4586896239998168	3.4363940240000375
11	1542733921	0.0018360569993092213	0.23641624100127956	2.422480782999628	0.27402305899886414	2.934756139999081
0	1540304978	0.0008497759990859777	0.46867662300064694	14.242495982998662	7.859518901001138	22.571541282999533
1	1540306490	0.0005781879990536254	0.04338249300053576	1.6751810399982787	2.4209501369987265	4.140091857996595
2	1540306955	0.0007066130019666161	0.1621495090003009	4.6303480269998545	41.10764691800068	45.900851067002804
3	1540307842	0.0005699419998563826	0.2597492370005057	0.4278136100001575	2.2636284529980912	2.951761241998611
4	1540308462	0.0016009739993023686	1.8737642659980338	64.61101710200091	10.83211668900185	77.3184990310001
5	1540309356	0.0010419659993203823	0.5306053499989503	18.594283334001375	4.440938935000304	23.56686958499995
6	1540309814	0.002330000999791082	0.9793817980025779	21.14243067800271	2.0401339689997258	24.164276446004806
7	1540310612	0.0012385840018396266	0.23886510000011185	9.892911998998898	3.837749327001802	13.970765010002651
8	1540310983	0.0012149159992986824	0.3349151990005339	11.876941091002664	2.1219712320016697	14.335042438004166
9	1542732994	0.0007728970012976788	0.2839048969981377	2.952734661001159	1.4547925840015523	4.692205039002147
10	1542733688	0.0005836149975948501	0.15850710299855564	1.801969451000332	1.495570309998584	3.4566304789950664
11	1542733921	0.0007973899992066436	0.23245122699881904	2.4036132709989033	0.2875627319990599	2.924424619995989
0	1540304978	0.0009089239974855445	0.4556750009978714	14.248207396001817	10.60962514700077	25.314416467997944
1	1540306490	0.0005623149991151877	0.04405054199742153	1.6890876639990893	3.2210828679999395	4.9547833889955655
2	1540306955	0.001444396999431774	0.24920917800045572	5.377035918998445	58.79184505699959	64.41953455099792
3	1540307842	0.0016209290006372612	0.26963693700236036	0.4110299940002733	13.114373934000469	13.79666179400374
4	1540308462	0.0015853509976295754	1.8438077560022066	64.66933684299875	15.861666726999829	82.37639667699841
5	1540309356	0.0011420089977036696	0.6094332590000704	18.230312416002562	6.391556693000894	25.23244437700123
6	1540309814	0.0012154120013292413	0.9615503040004114	21.97257015300056	3.218601068998396	26.153936938000697
7	1540310612	0.001224539999384433	0.24964765799813904	8.76113039199845	5.64424076999785	14.656243359993823
8	1540310983	0.0011198930005775765	0.3417014110018499	12.031841004001762	3.2000710799984518	15.574733388002642
9	1542732994	0.0007578240001748782	0.2940431669994723	2.9982841720011493	1.877235842999653	5.170321006000449
10	1542733688	0.0006883839996589813	0.16460352600188344	1.7996393749999697	2.123839380998106	4.088770665999618
11	1542733921	0.0006645890025538392	0.24399148399970727	2.394438675000856	0.2740884129998449	2.913183161002962
