0	1540304978	0.0025985939992096974	0.46095970799979114	14.31178925200038	0.01419376400008332	14.789541317999465
1	1540306490	0.0006369999991875375	0.04817312200066226	1.7108258490006847	0.004160647999015055	1.7637966189995495
2	1540306955	0.0008180149998224806	0.17790843999864592	4.857085450999875	0.008707858998604934	5.044519764996949
3	1540307842	0.0006348839997372124	0.277517081998667	0.43964742600110185	0.005597856999884243	0.7233972489993903
4	1540308462	0.0016617269993730588	1.81224278299851	64.27747950499906	0.038058019999880344	66.12944203499683
5	1540309356	0.0013724300006288104	0.6288969889992586	17.915047541000604	0.017339366999294725	18.562656326999786
6	1540309814	0.0016415409991168417	0.933142236999629	21.12761697300084	0.017676695999398362	22.080077446998985
7	1540310612	0.0011611979989538668	0.21116829300081008	8.77799558299921	0.013299492000442115	9.003624565999417
8	1540310983	0.0013508680003724294	0.36525363699911395	12.034061567001118	0.01373318100013421	12.414399253000738
9	1542732994	0.0006390369999280665	0.283539441999892	2.9613053889988805	0.0037400250002974644	3.249223892998998
10	1542733688	0.0006066229998396011	0.1693180250003934	1.786655621999671	0.003853604999676463	1.9604338749995804
11	1542733921	0.0005423799993877765	0.23315269100021396	2.387294658999963	0.0029183839997131145	2.6239081139992777
0	1540304978	0.0009580919995642034	0.46010144200045033	14.68216766399928	0.01587134699911985	15.159098544998415
1	1540306490	0.0008414019994233968	0.05227681200085499	1.7385121190000064	0.003767856998820207	1.795398189999105
2	1540306955	0.0008730059998924844	0.1638326660013263	4.740435354999136	0.007339734998822678	4.912480761999177
3	1540307842	0.0006547670000145445	0.2539731679989927	0.44300252299944987	0.004370695000034175	0.7020011529984913
4	1540308462	0.0015619969999534078	1.9117174629991496	63.71737326600123	0.029664017998584313	65.66031674399892
5	1540309356	0.001140936999945552	0.5392902339990542	18.626655690000916	0.018343093999646953	19.185429954999563
6	1540309814	0.0010713339997892035	0.9145003859994176	20.99198596899987	0.02138867300163838	21.928946362000715
7	1540310612	0.0010727760000008857	0.23866205300146248	8.662697928999478	0.012881209999250132	8.915313968000191
8	1540310983	0.0011457650016382104	0.339706644999751	11.826244043999395	0.016173807000086526	12.183270261000871
9	1542732994	0.0008405979988310719	0.27987108299930696	2.9603430639999715	0.004940258000715403	3.245995002998825
10	1542733688	0.0009673219992691884	0.16188275000058638	1.7873183299998345	0.002528917000745423	1.9526973190004355
11	1542733921	0.0006025829989084741	0.23281793800015294	2.375600157998633	0.0030510889992001466	2.6120717679968948
0	1540304978	0.0009734600007504923	0.4620241780012293	14.276447769998413	0.012751748001392116	14.752197156001785
1	1540306490	0.0005616279995592777	0.048483311000381946	1.6725733319999563	0.003163458999551949	1.7247817299994495
2	1540306955	0.0007367670004896354	0.16409020100036287	4.62178088499968	0.006861480000225129	4.793469333000758
3	1540307842	0.0006113699982961407	0.26250783200157457	0.4152165260002221	0.004586537001159741	0.6829222650012525
4	1540308462	0.001839288999690325	1.7893459539991454	62.8522365129993	0.03295876899937866	64.67638052499751
5	1540309356	0.0016502899998158682	0.5372705249992578	18.071475803000794	0.022127596001155325	18.632524214001023
6	1540309814	0.0011616599986155052	0.9577347340000415	21.522840542000267	0.01818689399988216	22.499923829998806
7	1540310612	0.0015571580006508157	0.2489364969987946	8.910186750999856	0.013834798999596387	9.174515204998897
8	1540310983	0.0010668029990483774	0.3940089669995359	12.58553142600067	0.013681430000360706	12.994288625999616
9	1542732994	0.0007301509995158995	0.28808454499994696	3.1090110479999566	0.003797067000050447	3.40162281099947
10	1542733688	0.000714284000423504	0.16922668100050942	1.8869140650003828	0.002576925999164814	2.0594319560004806
11	1542733921	0.0006591229994228343	0.23650274099964008	2.52971403400079	0.0027264140007901005	2.769602312000643
0	1540304978	0.002809703000821173	0.48935086100027547	15.199109690000114	0.015260326999850804	15.706530581001061
1	1540306490	0.0006379750011547003	0.04675252700144483	1.7278406459990947	0.002743863999057794	1.777975012000752
2	1540306955	0.0009080279996851459	0.17745759399986127	4.7792330150005	0.008656736999910208	4.966255373999957
3	1540307842	0.0007014519997028401	0.2648598329997185	0.4478843670003698	0.00447201600036351	0.7179176680001547
4	1540308462	0.0021904360000917222	2.0868765670002176	64.16991011800019	0.03432484299992211	66.29330196400042
5	1540309356	0.0011691670006257482	0.6122229749998951	18.1107689950004	0.01946735700039426	18.743628494001314
6	1540309814	0.0011912559984921245	0.9551738240006671	21.51089932799914	0.017621800001506926	22.484886207999807
7	1540310612	0.001255500999832293	0.2203317640014575	9.3799339219986	0.011670400999719277	9.613191587999609
8	1540310983	0.0011842269996122923	0.3491633260000526	12.162625799001034	0.016778339000666165	12.529751691001366
9	1542732994	0.0007620889991812874	0.3363451810000697	3.03065182499995	0.003684269000586937	3.371443363999788
10	1542733688	0.000809019000371336	0.17201241700058745	1.8570597609996184	0.0025287530006607994	2.032409950001238
11	1542733921	0.0005800479993922636	0.23232136300066486	2.4529005059994233	0.002758046000963077	2.6885599630004435
0	1540304978	0.0009689220005384414	0.4840667919997941	14.30392953000046	0.012585444001160795	14.801550688001953
1	1540306490	0.0005846399999427376	0.04778749499928381	1.811689109001236	0.002675493000424467	1.862736737000887
2	1540306955	0.0006908819996169768	0.1652728869994462	4.688269783000578	0.006892630999573157	4.8611261829992145
3	1540307842	0.0006835089989181142	0.2589478139998391	0.41299603799961915	0.004389391000586329	0.6770167519989627
4	1540308462	0.0016899849997571437	1.8330901400004223	64.5748633610001	0.03447847200004617	66.44412195800032
5	1540309356	0.001063476000126684	0.6244249459996354	18.180319621000308	0.019010827998499735	18.82481887099857
6	1540309814	0.0015586139998049475	0.9819993210003304	21.503078507999817	0.020800487998712924	22.507436930998665
7	1540310612	0.0011270510003669187	0.2212380500004656	8.912235357998725	0.01708256900019478	9.151683027999752
8	1540310983	0.001467528998546186	0.36364294300074107	12.089535707000323	0.015399182999317418	12.470045361998928
9	1542732994	0.0018964890005008783	0.2833264260007127	3.0352440059996297	0.004080381000676425	3.3245473020015197
10	1542733688	0.0008575459996791324	0.18212092700014182	1.8652447120002762	0.0030422299987549195	2.051265414998852
11	1542733921	0.0008528420003131032	0.2581838329988386	2.4348327340012474	0.0029280329999892274	2.6967974420003884
0	1540304978	0.0009837739999056794	0.470389657000851	16.335502920999716	0.015530269000009866	16.822406621000482
1	1540306490	0.0006647779991908465	0.047013617999255075	1.90462852300152	0.003213000998584903	1.955519919998551
2	1540306955	0.0007590780005557463	0.17443050099973334	4.895932547999109	0.007106492999810143	5.078228619999209
3	1540307842	0.0005969670000922633	0.2726460580015555	0.4210878779995255	0.0042448610001883935	0.6985757640013617
4	1540308462	0.0015857709986448754	1.8987385659984284	64.84014853999906	0.03038536900021427	66.77085824599635
5	1540309356	0.0010587819997454062	0.6143991099997947	18.00064249100069	0.021333212000172352	18.637433595000402
6	1540309814	0.0018444660017848946	1.0125684310005454	22.233148237999558	0.018480609000107506	23.266041744001996
7	1540310612	0.001936810996994609	0.212590792998526	8.991283850999025	0.01236400099878665	9.218175455993332
8	1540310983	0.0010852589985006489	0.3593520989998069	12.339642048002133	0.013664778998645488	12.713744184999086
9	1542732994	0.000770301998272771	0.28654332299993257	2.991502462002245	0.003609490999224363	3.2824255779996747
10	1542733688	0.0006601010027225129	0.1718290850003541	1.8694551879998471	0.002784969001368154	2.044729343004292
11	1542733921	0.0008563230003346689	0.26346624299912946	2.5798293580010068	0.002679499997611856	2.8468314239980828
0	1540304978	0.0009299710000050254	0.47501465499954065	14.750951637997787	0.012981533000129275	15.239877796997462
1	1540306490	0.0005956009990768507	0.044726826999976765	1.6936104189990147	0.0028288980029174127	1.7417617450009857
2	1540306955	0.0008024500020837877	0.16598625599726802	4.879150380002102	0.0072946770014823414	5.053233763002936
3	1540307842	0.0009022460035339464	0.28668952299995	0.4159569969997392	0.004797957000846509	0.7083467230040696
4	1540308462	0.0014808990017627366	1.9061494300003687	64.44865231199947	0.03611056099907728	66.39239320200068
5	1540309356	0.0010838239977601916	0.5508861180023814	18.3207839530005	0.019175469999026973	18.89192936499967
6	1540309814	0.001177676000224892	0.9479730579987518	21.277338007999788	0.018697383999096928	22.24518612599786
7	1540310612	0.001047204998030793	0.2253432609977608	9.027851372997247	0.014725826000358211	9.268967664993397
8	1540310983	0.001944134997756919	0.3510186630010139	12.54002464199948	0.013017638000746956	12.906005077998998
9	1542732994	0.0007982349998201244	0.27535657599946717	3.1174471369995445	0.003512780000164639	3.3971147279989964
10	1542733688	0.000689617998432368	0.16148429999884684	1.8632873989990912	0.0027332780009601265	2.0281945949973306
11	1542733921	0.0007305549988814164	0.27231680499971844	2.6223133070016047	0.00416047399994568	2.8995211410001502
0	1540304978	0.0008520560004399158	0.46337315600248985	14.887633266000194	0.016033747997425962	15.36789222600055
1	1540306490	0.0006555760010087397	0.047068407999177	1.7677584630000638	0.0028573449999385048	1.818339792000188
2	1540306955	0.0007157189975259826	0.1766530579989194	4.684818282999913	0.0076248469995334744	4.869811906995892
3	1540307842	0.0007086080004228279	0.2527605670002231	0.40226175900170347	0.004380702001071768	0.6601116360034212
4	1540308462	0.0016906970013224054	1.806548845001089	63.573294603997056	0.030789567001193063	65.41232371300066
5	1540309356	0.0011079719988629222	0.5479941439989489	17.82087925900123	0.016827257997647393	18.38680863299669
6	1540309814	0.0012720650011033285	0.9086591479972412	21.437559622001572	0.018394438000541413	22.36588527300046
7	1540310612	0.0010268209989590105	0.21277331600140315	9.04653887799941	0.012592071998369647	9.272931086998142
8	1540310983	0.001173601998743834	0.3826030229975004	12.308468848998018	0.013916904998040991	12.706162378992303
9	1542732994	0.0009148480021394789	0.2714234800005215	2.983751798998128	0.003596780999941984	3.259686908000731
10	1542733688	0.000672725000185892	0.15661145099875284	1.815256333000434	0.002641256000060821	1.9751817649994337
11	1542733921	0.0006981099977565464	0.23034026200184599	2.3831666660007613	0.0025195989983330946	2.616724636998697
0	1540304978	0.0009282200007874053	0.4663288419978926	14.643956507999974	0.013236473001597915	15.124450043000252
1	1540306490	0.0008714029972907156	0.04245809799976996	1.6888874470023438	0.002782556999591179	1.7349995049989957
2	1540306955	0.0006995869989623316	0.1551304849999724	4.73527148300127	0.011213143003260484	4.902314698003465
3	1540307842	0.0007619030002388172	0.27741881600013585	0.45915171900196583	0.004629130999092013	0.7419615690014325
4	1540308462	0.0019026329973712564	1.8994680729992979	63.95849112200085	0.03129343199907453	65.8911552599966
5	1540309356	0.0010023709983215667	0.5773073969976394	17.741906197999924	0.016927169999689795	18.337143135995575
6	1540309814	0.0011242430009588134	0.9459611380007118	21.386784603000706	0.017799629000364803	22.35166961300274
7	1540310612	0.0011781600005633663	0.20758082500105957	8.807884582001861	0.012377918003039667	9.029021485006524
8	1540310983	0.0016358660031983163	0.38182730699918466	13.336881495000853	0.013597455999843078	13.733942124003079
9	1542732994	0.0006574710023414809	0.267917198001669	2.961541804001172	0.003493537999020191	3.2336100110042025
10	1542733688	0.0008145030005834997	0.15770713300298667	1.7916096560002188	0.0026826789980987087	1.9528139710018877
11	1542733921	0.0006401710015779827	0.2263045300023805	2.367970602997957	0.002590354000858497	2.597505658002774
0	1540304978	0.0009640619973652065	0.45261831899915705	14.19387184000152	0.013278127000376116	14.660732347998419
1	1540306490	0.001240248999238247	0.04107830000066315	1.6570620750026137	0.002637551999214338	1.7020181760017294
2	1540306955	0.0007664750010007992	0.1554676310006471	4.623198504999891	0.007058019997202791	4.786490630998742
3	1540307842	0.0007192590019258205	0.2565525459976925	0.39830760300174006	0.0043529940012376755	0.6599324020025961
4	1540308462	0.001655518000916345	1.7702457759987738	63.544002188002196	0.030999933998828055	65.34690341600071
5	1540309356	0.0012728309993690345	0.5833993550004379	18.02276108099977	0.017698542000289308	18.625131808999868
6	1540309814	0.0014634420003858395	0.9831061720033176	21.701877606999915	0.01903673900233116	22.70548396000595
7	1540310612	0.0010615150022204034	0.2049559409970243	9.010940241001663	0.014628752000135137	9.231586449001043
8	1540310983	0.001413548001437448	0.4410887040030502	11.896490052000445	0.01293830299982801	12.35193060700476
9	1542732994	0.0006279660010477528	0.27111679399968125	2.9417556559965305	0.00349139100217144	3.216991806999431
10	1542733688	0.0006010959987179376	0.15486089499972877	1.7883879939981853	0.0026248129979649093	1.9464747979945969
11	1542733921	0.0006297150030150078	0.2212874249999004	2.4096616220012947	0.002729757001361577	2.6343085190055717
0	1540304978	0.0009559980026097037	0.4530580090031435	14.442496014999051	0.017355265998048708	14.913865288002853
1	1540306490	0.0006975600008445326	0.04523131400128477	1.8187210059986683	0.0027486959988891613	1.8673985759996867
2	1540306955	0.0007936750007502269	0.15361275400209706	5.026205287002085	0.00978441400002339	5.190396130004956
3	1540307842	0.001126888000726467	0.3326582570007304	0.5523847730000853	0.004394039999169763	0.8905639580007119
4	1540308462	0.0023463889992854092	1.8914575400012836	64.3173679490028	0.03208371200162219	66.24325559000499
5	1540309356	0.0010070280004583765	0.5509280639998906	17.6446343519965	0.018373692997556645	18.214943136994407
6	1540309814	0.0011998520021734294	0.9191808109972044	21.098516439000377	0.018538762000389397	22.037435864000145
7	1540310612	0.0010853130006580614	0.20588673800011748	8.842081409002276	0.011943034998694202	9.060996495001746
8	1540310983	0.0011331360001349822	0.3315764519975346	11.85308666399942	0.013715220997255528	12.199511472994345
9	1542732994	0.0008357939987035934	0.2725264809996588	2.9621146169993153	0.003563875001418637	3.2390407669990964
10	1542733688	0.0006764790014130995	0.1581887239990465	1.7845857729989802	0.00248351200207253	1.9459344880015124
11	1542733921	0.0005555590032599866	0.233503051000298	2.54683065500285	0.0031102020002435893	2.7839994670066517
0	1540304978	0.0020813250011997297	0.4693344600018463	15.28258439399724	0.014168268000503303	15.76816844700079
1	1540306490	0.0005976419997750781	0.04058575999806635	1.7213127440008975	0.002647920002345927	1.7651440660010849
2	1540306955	0.0008552690014766995	0.16298337300031562	4.782253501998639	0.007220668001536978	4.953312812001968
3	1540307842	0.0006184890007716604	0.24937686900011613	0.38991492300192476	0.004521148999629077	0.6444314300024416
4	1540308462	0.0015705199984950013	1.7958021980011836	64.4263057600001	0.030301631999464007	66.25398010999925
5	1540309356	0.0010989500005962327	0.7027219280025747	20.46919496099872	0.020930176997353556	21.193946015999245
6	1540309814	0.001083647999621462	1.022525416999997	23.378007212002558	0.017802262998884544	24.41941854000106
7	1540310612	0.0011680080024234485	0.22581456500120112	8.827589052998519	0.012370278000162216	9.066941904002306
8	1540310983	0.0010555260014371015	0.3301381040000706	12.20100385600017	0.013305980999575695	12.545503467001254
9	1542732994	0.0009186380011669826	0.2810755490027077	3.197933778999868	0.0034382279991405085	3.4833661940028833
10	1542733688	0.0007704370000283234	0.16209766599786235	1.8184859299981326	0.002666185002453858	1.9840202179984772
11	1542733921	0.0007658409995201509	0.24238444400180015	2.474543814001663	0.0025858240005618427	2.7202799230035453
0	1540304978	0.000905163000425091	0.45552829599910183	14.520846628998697	0.01380859599885298	14.991088683997077
1	1540306490	0.0006716639982187189	0.04049705700163031	1.7038159410003573	0.0026334489994042087	1.7476181109996105
2	1540306955	0.0008691100010764785	0.15539022899974952	4.749062616996525	0.006890893000672804	4.912212848998024
3	1540307842	0.0007215119985630736	0.25200477199905436	0.4046224199992139	0.004395184998429613	0.6617438889952609
4	1540308462	0.0014936910010874271	1.8393300919997273	64.4429899880015	0.03250028899856261	66.31631406000088
5	1540309356	0.0018962479989568237	0.5616391459989245	17.818043848001253	0.016995879999740282	18.398575121998874
6	1540309814	0.0014355950006574858	0.9391552570014028	21.686313967002206	0.01854410700252629	22.645448926006793
7	1540310612	0.00102973599859979	0.2054786509979749	9.066023449999193	0.012431931001628982	9.284963767997397
8	1540310983	0.0010638359999575187	0.3314568749992759	12.087570927000343	0.013179928999306867	12.433271566998883
9	1542732994	0.000774377000198001	0.2707808759987529	2.992780558000959	0.0033945569994102698	3.26773036799932
10	1542733688	0.0006908709983690642	0.15781228599735186	1.792767320999701	0.0025672349984233733	1.9538377129938453
11	1542733921	0.0005974999985483009	0.22510585200143396	2.3881263499970373	0.0027328729993314482	2.616562574996351
0	1540304978	0.0008763099976931699	0.4515053340001032	14.31902921299843	0.012654426998778945	14.784065283995005
1	1540306490	0.0006224270000529941	0.04153602999940631	1.6974031290010316	0.002863824000087334	1.7424254100005783
2	1540306955	0.0007993690014700405	0.1619764609968115	4.791581710000173	0.007145946001401171	4.961503485999856
3	1540307842	0.0007974870022735558	0.26135360800253693	0.42270404400187545	0.005536461001611315	0.6903916000082972
4	1540308462	0.0015098900003067683	1.955348163999588	63.761900661000254	0.030514491998474114	65.74927320699862
5	1540309356	0.0009778969979379326	0.5609818260018073	18.48210161300085	0.019291982000140706	19.063353318000736
6	1540309814	0.0013865420005458873	1.052154122000502	22.112489883002127	0.020109069999307394	23.186139617002482
7	1540310612	0.0013664109974342864	0.26570752399857156	9.274689249999938	0.014149484999506967	9.55591266999545
8	1540310983	0.0011866160020872485	0.37772444000074756	12.195176517998334	0.013651943998411298	12.58773951799958
9	1542732994	0.0008008690019778442	0.2808613180022803	2.9899959640024463	0.003487326997856144	3.2751454780045606
10	1542733688	0.0007181040018622298	0.16329816000143182	1.8174356870003976	0.0024815149990899954	1.9839334660027816
11	1542733921	0.0007608209998579696	0.22621906000131276	2.416427861997363	0.002664544001163449	2.646072286999697
0	1540304978	0.0010216429982392583	0.4682574670005124	14.318124989000353	0.012691415999142919	14.800095514998247
1	1540306490	0.0006172260000312235	0.04372665499977302	1.703507897000236	0.0028925890001119114	1.7507443670001521
2	1540306955	0.000778916000854224	0.17769032800060813	4.72841838700333	0.007494532001146581	4.914382163005939
3	1540307842	0.0005329380001057871	0.2622319129986863	0.4210998140006268	0.004295055998227326	0.6881597209976462
4	1540308462	0.0016273889996227808	1.812289134999446	63.39475383199897	0.03177421900181798	65.24044457499986
5	1540309356	0.0010142950013687368	0.539171313001134	18.37867878399993	0.01804902400181163	18.936913416004245
6	1540309814	0.0016321689981850795	0.9762413739990734	21.863630637002643	0.018759722999675432	22.860263902999577
7	1540310612	0.00171488500200212	0.2299476029984362	9.045333253001445	0.012308779998420505	9.289304521000304
8	1540310983	0.001155404002929572	0.36962145999859786	12.353130346000398	0.013504351998562925	12.737411562000489
9	1542732994	0.0007590429995616432	0.2819582009979058	3.0998773879982764	0.0034548839976196177	3.3860495159933635
10	1542733688	0.0008649320006952621	0.16188620699904277	1.7895683119968453	0.0025153620008495636	1.954834812997433
11	1542733921	0.0005287999993015546	0.22878143100024317	2.4439373329987575	0.0026568659995973576	2.6759044299978996
0	1540304978	0.0009565680011291988	0.480444337001245	14.677734857999894	0.013650077999045607	15.172785841001314
1	1540306490	0.0010539959985180758	0.047838284001045395	1.7051208459997724	0.002942257000540849	1.7569553829998767
2	1540306955	0.000779640999098774	0.1764783479993639	4.70488820600076	0.0071553480011061765	4.889301543000329
3	1540307842	0.0005282809979689773	0.260941725999146	0.4206182620000618	0.004425045997777488	0.6865133149949543
4	1540308462	0.0016381230016122572	1.9007787749978888	64.90519972499897	0.03203021800072747	66.8396468409992
5	1540309356	0.001153163997514639	0.6041789359987888	18.30781723200198	0.019098718999885023	18.93224805099817
6	1540309814	0.0015583599997626152	1.028517306996946	21.6507854579977	0.018328007001400692	22.69918913199581
7	1540310612	0.0014773259972571395	0.20795298399752937	8.985377281998808	0.012860070000897394	9.207667661994492
8	1540310983	0.0010537000016483944	0.3508956669975305	12.034690435997618	0.014258057002734859	12.400897859999532
9	1542732994	0.0006646689980698284	0.28200422300142236	3.0136023279992514	0.004095958000107203	3.300367177998851
10	1542733688	0.0007053919980535284	0.16483428699939395	1.814925504000712	0.002843956001015613	1.983309138999175
11	1542733921	0.0008445659987046383	0.23604582200277946	2.4584924280025007	0.0028971950014238246	2.6982800110054086
0	1540304978	0.0009865840002021287	0.5335933210008079	14.395407620999322	0.012884362000477267	14.94287188800081
1	1540306490	0.0005917819980822969	0.0439033879993076	1.703153194001061	0.002724268997553736	1.7503726329960045
2	1540306955	0.0007833540003048256	0.16615695499785943	4.681490808001399	0.007118866000382695	4.855549982999946
3	1540307842	0.0006083189982746262	0.2576885130001756	0.42338620699956664	0.0043649319995893165	0.6860479709976062
4	1540308462	0.0017715140020300169	1.867764686998271	64.54352151100102	0.03060037399700377	66.44365808599832
5	1540309356	0.00117093299922999	0.6290053970005829	18.610144178001065	0.04182258500077296	19.28214309300165
6	1540309814	0.001739444000122603	1.1899764979971224	22.390923833998386	0.019679295997775625	23.602319071993406
7	1540310612	0.0011081939992436673	0.22643965400129673	8.930148137998913	0.01216946100248606	9.16986544700194
8	1540310983	0.0010749249995569699	0.3946803189974162	12.782312524999725	0.017530411001644097	13.195598179998342
9	1542732994	0.003177865997713525	0.33935689499776345	3.0475932659974205	0.004239351997966878	3.3943673789908644
10	1542733688	0.0009972270017897245	0.1907295900018653	2.0410082819980744	0.0039005479993647896	2.236635647001094
11	1542733921	0.0007197720005933661	0.3114994499992463	2.7473321170000418	0.0033865620025608223	3.0629379010024422
0	1540304978	0.0015041709993965924	0.5605452370000421	15.904049788998236	0.0140448899983312	16.480144086996006
1	1540306490	0.0006640700012212619	0.04616236400033813	1.7468920230021467	0.0027438370016170666	1.7964622940053232
2	1540306955	0.0008942220010794699	0.171908178999729	4.688809479997872	0.006970028000068851	4.868581908998749
3	1540307842	0.0005739230000472162	0.27447073299845215	0.4306156100028602	0.005281629000819521	0.7109418950021791
4	1540308462	0.0016615319982520305	1.820962383000733	63.35279516599985	0.03332008199868142	65.20873916299752
5	1540309356	0.0013106790029269177	0.5583428019999701	17.931166923997807	0.01889812199806329	18.509718526998768
6	1540309814	0.0013318149976839777	0.9353268160011794	21.52413433199763	0.019552721998479683	22.480345684994973
7	1540310612	0.001390786001138622	0.22573637099776533	8.784412241002428	0.012090814001567196	9.0236302120029
8	1540310983	0.0016679699983797036	0.34155422399999225	12.085457632001635	0.01613945100325509	12.444819277003262
9	1542732994	0.0007165579991124105	0.2886614089984505	3.0463049659992976	0.003609372997743776	3.3392923059946042
10	1542733688	0.0006733639966114424	0.16390400599993882	1.8076232010025706	0.0026365039993834216	1.9748370749985042
11	1542733921	0.0006550780017278157	0.23850452499755193	2.4080247929996403	0.0024391779988945927	2.6496235739978147
0	1540304978	0.001567629002238391	0.46623724500022945	14.971720655001263	0.012969190000148956	15.45249471900388
1	1540306490	0.0010352429999329615	0.046758664000662975	1.7674064439997892	0.002858526997442823	1.818058877997828
2	1540306955	0.0007958239984873217	0.16717799499747343	4.876878008999483	0.00911540300148772	5.053967230996932
3	1540307842	0.0006020180007908493	0.2700415270010126	0.4394848730007652	0.004282918001990765	0.7144113360045594
4	1540308462	0.0016731959985918365	1.8438410530034162	64.239042221001	0.029658563998964382	66.11421503400197
5	1540309356	0.0010396279976703227	0.5333114730019588	18.311994014999073	0.01806644400130608	18.864411560000008
6	1540309814	0.0014941619992896449	0.9741647789996932	21.432322684999235	0.017541998000524472	22.425523623998743
7	1540310612	0.0010713629999372642	0.21924516600120114	8.754291012002795	0.013614333998702932	8.988221875002637
8	1540310983	0.0013473879989760462	0.34707896599866217	12.173716485998739	0.013462777998938691	12.535605617995316
9	1542732994	0.0008797910013527144	0.2811252899991814	3.0024625080004625	0.003502458999719238	3.287970048000716
10	1542733688	0.0006473190005635843	0.16137626799900318	1.7797682189993793	0.0024708350028959103	1.944262641001842
11	1542733921	0.0006442749981943052	0.23073443199973553	2.3890052440001455	0.002740889998676721	2.623124840996752
0	1540304978	0.0012384939982439391	0.4658627409990004	14.090375305000634	0.013450484999339096	14.570927024997218
1	1540306490	0.0009566500011715107	0.04323154700250598	1.6616818080001394	0.0036729800012835767	1.7095429850051005
2	1540306955	0.001172190997749567	0.16301287199894432	4.579018796001037	0.006804245000239462	4.7500081039979705
3	1540307842	0.0006343870009004604	0.2586904960007814	0.408279945000686	0.004516477001743624	0.6721213050041115
4	1540308462	0.0017166189973067958	1.771767047001049	64.46186277900051	0.036716629001602996	66.27206307400047
5	1540309356	0.0009999819994845893	0.5672482759982813	17.950416783001856	0.018001427997660358	18.536666468997282
6	1540309814	0.001163726999948267	0.94115824599794	21.220443637001154	0.01769833300204482	22.180463943001087
7	1540310612	0.001141906002885662	0.2271399500023108	8.830338024999946	0.01382394100073725	9.07244382200588
8	1540310983	0.001087044998712372	0.34686823099764297	11.97795460099951	0.013382167999225203	12.33929204499509
9	1542732994	0.0007351370004471391	0.28714158100046916	3.0027779459996964	0.003878302999510197	3.294532967000123
10	1542733688	0.0006090130009397399	0.17088149900155258	1.8003633710031863	0.002544248000049265	1.974398131005728
11	1542733921	0.0006200349998835009	0.23579863000122714	2.479961742999876	0.0036737619993800763	2.720054170000367
0	1540304978	0.0008628050018160138	0.5130649530001392	14.477463374998479	0.01457835000110208	15.005969483001536
1	1540306490	0.0014121509993856307	0.04842689599900041	1.714919520996773	0.003690240999276284	1.7684488089944352
2	1540306955	0.0007518890015489887	0.1669867480013636	4.733623415999318	0.007041450997348875	4.90840350399958
3	1540307842	0.000582926000788575	0.2629918569982692	0.44782505999683053	0.004276813997421414	0.7156766569933097
4	1540308462	0.0016137070015247446	1.854687733000901	63.30646387199886	0.03186527900106739	65.19463059100235
5	1540309356	0.0009536979996482842	0.5628596230017138	17.78920759600078	0.018069327001285274	18.371090244003426
6	1540309814	0.001325549998000497	0.9413367760025722	21.43101454799762	0.018426768001518212	22.39210364199971
7	1540310612	0.0011244720008107834	0.22086199399927864	8.815068059000623	0.013176838998333551	9.050231363999046
8	1540310983	0.0011067010018450674	0.3582115850003902	11.989017252999474	0.013768493001407478	12.362104032003117
9	1542732994	0.0006799840011808556	0.28964182600248023	3.0062503769986506	0.00347373700060416	3.300045924002916
10	1542733688	0.0007080219984345604	0.16961123000146472	1.813561381000909	0.0026868759996432345	1.9865675090004515
11	1542733921	0.0007246360000863206	0.2322183540018159	2.493494442998781	0.0026335330003348645	2.729070966001018
0	1540304978	0.0009438599990971852	0.4691399380026269	14.445561162003287	0.016155886001797626	14.931800846006809
1	1540306490	0.0006898740030010231	0.0462990460000583	1.6914366589990095	0.002643355997861363	1.7410689349999302
2	1540306955	0.0008456680006929673	0.16696721799962688	4.7179106599978695	0.006961063998460304	4.89268460999665
3	1540307842	0.0012557360023492947	0.27068729199891095	0.42360689300039667	0.0045031890003883746	0.7000531100020453
4	1540308462	0.0016274069967039395	1.870598189998418	63.46478549300082	0.030112516000372125	65.36712360599631
5	1540309356	0.001253549002285581	0.5576477239992528	17.77879644099812	0.018928674999187933	18.356626388998848
6	1540309814	0.0010600079986033961	0.9377101749996655	21.172593072999007	0.017623858999286313	22.128987114996562
7	1540310612	0.0017979189979087096	0.21991695099859498	8.810621335000178	0.011976793997746427	9.044312998994428
8	1540310983	0.0013638089985761326	0.34870463900006143	12.106026363002456	0.013410730000032345	12.469505541001126
9	1542732994	0.0006797159985580947	0.289616661000764	3.007350961001066	0.003481437001028098	3.301128775001416
10	1542733688	0.0008427460015809629	0.1677870490020723	1.8122902299983252	0.0023151370005507488	1.9832351620025293
11	1542733921	0.0006539470014104154	0.23826454899972305	2.394379689998459	0.002626809000503272	2.635924995000096
0	1540304978	0.0009921500022755936	0.46871020500111626	14.448125607003021	0.012698448001174256	14.930526410007587
1	1540306490	0.0005466080001497176	0.04740827799832914	1.6979918869983521	0.002625008000904927	1.748571780997736
2	1540306955	0.0006978669989621267	0.16338255499795196	4.752406230003544	0.00696397699721274	4.923450628997671
3	1540307842	0.0005867600011697505	0.26992917700044927	0.4288433340007032	0.00476106600035564	0.7041203370026778
4	1540308462	0.00159127000006265	1.8630761800013715	63.1868034600011	0.03451992699774564	65.08599083700028
5	1540309356	0.0010855030013772193	0.5612492289983493	17.754838738001126	0.017973123998672236	18.335146593999525
6	1540309814	0.0013145709999662358	0.9421902290014259	21.3520969170022	0.017479327998444205	22.313081045002036
7	1540310612	0.0015360819998022635	0.21520160300133284	8.779305304997251	0.01247892700121156	9.008521916999598
8	1540310983	0.0011309649999020621	0.35166995100007625	12.030201067002054	0.013252648997877259	12.39625463199991
9	1542732994	0.0007359400005952921	0.291243334999308	3.0089699370000744	0.003390051002497785	3.3043392630024755
10	1542733688	0.0008521099989593495	0.16296872599923518	1.803669949000323	0.004088107998541091	1.9715788929970586
11	1542733921	0.0005923240023548715	0.2351050450015464	2.402733798000554	0.0026468710020708386	2.641078038006526
0	1540304978	0.0008760199998505414	0.4774695720007003	14.43455389600058	0.01289520799764432	14.925794695998775
1	1540306490	0.0010736300027929246	0.04957349699907354	1.7797053159993084	0.0030566919995180797	1.833409135000693
2	1540306955	0.001074611998774344	0.18427647700082161	4.728400217998569	0.007092546999047045	4.920843853997212
3	1540307842	0.000678481999784708	0.2707478060001449	0.4232421050000994	0.004635420998965856	0.6993038139989949
4	1540308462	0.0016706300011719577	1.8559381060003943	63.2813602760034	0.036296558999310946	65.17526557100427
5	1540309356	0.00098192299992661	0.5613639319999493	17.801457464000123	0.017294363999099005	18.381097682999098
6	1540309814	0.0014009139995323494	0.9409553980003693	21.205837104997045	0.01769783300187555	22.165891249998822
7	1540310612	0.0011932579982385505	0.21709095000187517	8.80149906600127	0.0120440430000599	9.031827317001444
8	1540310983	0.0012290420017961878	0.3940682390020811	12.121535625003162	0.015277417001925642	12.532110323008965
9	1542732994	0.000746354999137111	0.2828977350000059	3.0075651299994206	0.0035406089991738554	3.2947498289977375
10	1542733688	0.0006837290020484943	0.16709748100038269	1.8132019469994702	0.002562206998845795	1.9835453640007472
11	1542733921	0.000605694000114454	0.23793985299926135	2.409007129001111	0.0027274450003460515	2.650280121000833
0	1540304978	0.0012143849999119993	0.47613262200320605	14.4539373660009	0.012922655001602834	14.944207028005621
1	1540306490	0.000684661998093361	0.04403538800033857	1.6964313329990546	0.0028461809997679666	1.7439975639972545
2	1540306955	0.000719091000064509	0.1660787020009593	4.721028715997818	0.006961701998079661	4.894788210996921
3	1540307842	0.0005926339981670026	0.26204062499891734	0.4332627160001721	0.004803985997568816	0.7006999609948252
4	1540308462	0.0016226839979935903	1.8834442629995465	63.295040429002256	0.032078968000860186	65.21218634400066
5	1540309356	0.0010098790007759817	0.5543280199999572	17.894756799996685	0.017034722997777862	18.467129421995196
6	1540309814	0.0017841519984358456	0.9390771289981785	21.257283199000085	0.01747655800136272	22.215621037998062
7	1540310612	0.0010359680018154904	0.2201606959970377	8.800957909003046	0.011848260997794569	9.034002833999693
8	1540310983	0.0011119650007458404	0.3410293239976454	12.013142489999154	0.013719972997932928	12.369003751995479
9	1542732994	0.0007084680000843946	0.28830361799919046	3.036838317002548	0.0035593739994510543	3.329409777001274
10	1542733688	0.0010003530005633365	0.16484403399954317	1.8117671719992359	0.0031742190003569704	1.9807857779996993
11	1542733921	0.0005475210018630605	0.2344790950010065	2.4049016300014046	0.002859514999727253	2.6427877610040014
0	1540304978	0.0009794350007723551	0.4724515909983893	14.491494014997443	0.01400181500139297	14.978926855997997
1	1540306490	0.0010227479979221243	0.047904365997965215	1.7014698769999086	0.0027919259991904255	1.7531889169949864
2	1540306955	0.0007427340024150908	0.1642060020021745	4.725078323001071	0.006674543001281563	4.896701602006942
3	1540307842	0.0008153140006470494	0.26113969499783707	0.4218369560003339	0.004598643001372693	0.6883906080001907
4	1540308462	0.001593073997355532	1.8478561869997066	65.69028830000025	0.033633855997322826	67.57337141699463
